{
    "w": 4864,
    "h": 3648,
    "fl_x": 3677.073886139362,
    "fl_y": 3675.6589331217456,
    "cx": 2443.5236291208594,
    "cy": 1822.7190351505487,
    "k1": 0.002653374757056997,
    "k2": -0.0011986477948920445,
    "p1": -0.0013923763887348619,
    "p2": 0.0008608133855960324,
    "camera_model": "OPENCV",
    "frames": [
        {
            "file_path": "images/frame_00064.jpg",
            "transform_matrix": [
                [
                    -0.9162759633073165,
                    -0.0800791225381649,
                    -0.3924610722081447,
                    -0.8538915041863822
                ],
                [
                    -0.2418786934657738,
                    -0.6703704215738892,
                    0.7014971101338452,
                    5.198344700275733
                ],
                [
                    -0.3192695674700911,
                    0.7376929117270704,
                    0.5948748702669306,
                    -0.4854226673247224
                ],
                [
                    0.0,
                    0.0,
                    0.0,
                    1.0
                ]
            ],
            "colmap_im_id": 64,
            "pose_path": "../../house1/images/../poses/000018.txt"
        },
        {
            "file_path": "images/frame_00063.jpg",
            "transform_matrix": [
                [
                    -0.937033559501899,
                    -0.07921956723819565,
                    -0.3401358089554734,
                    1.8427373164931018
                ],
                [
                    -0.07980646982805245,
                    -0.8995921045187323,
                    0.42937742472228585,
                    0.9446133175041818
                ],
                [
                    -0.33999858196878624,
                    0.4294860948321274,
                    0.8366257577944056,
                    0.6320887352936347
                ],
                [
                    0.0,
                    0.0,
                    0.0,
                    1.0
                ]
            ],
            "colmap_im_id": 63,
            "pose_path": "../../house1/images/../poses/000012.txt"
        },
        {
            "file_path": "images/frame_00062.jpg",
            "transform_matrix": [
                [
                    0.9344004400060819,
                    -0.16090252879718558,
                    -0.31781471637278014,
                    -2.0863844873596102
                ],
                [
                    0.02157064001433096,
                    0.916095533250828,
                    -0.4003794218578831,
                    -2.625478288156088
                ],
                [
                    0.35557070352577136,
                    0.36725924111525293,
                    0.85947083988326,
                    -0.8216404899996184
                ],
                [
                    0.0,
                    0.0,
                    0.0,
                    1.0
                ]
            ],
            "colmap_im_id": 62,
            "pose_path": "../../house1/images/../poses/000064.txt"
        },
        {
            "file_path": "images/frame_00061.jpg",
            "transform_matrix": [
                [
                    -0.008041036037073934,
                    -0.9967140092967476,
                    0.08060102611662821,
                    0.6466468426100104
                ],
                [
                    0.9999657825742994,
                    -0.008171478722463281,
                    -0.0012886489271038586,
                    0.2830857279813152
                ],
                [
                    0.0019430440086303739,
                    0.08058790608454366,
                    0.9967456114640733,
                    0.1801782001616102
                ],
                [
                    0.0,
                    0.0,
                    0.0,
                    1.0
                ]
            ],
            "colmap_im_id": 61,
            "pose_path": "../../house1/images/../poses/000027.txt"
        },
        {
            "file_path": "images/frame_00060.jpg",
            "transform_matrix": [
                [
                    -0.11770908080706231,
                    -0.9294526094109197,
                    0.34966043407109826,
                    3.4761849855702227
                ],
                [
                    0.9925064851412401,
                    -0.0984829280448973,
                    0.07233249502322382,
                    0.41790735573714705
                ],
                [
                    -0.03279404287576622,
                    0.3555544399145311,
                    0.9340800774071387,
                    1.248737352812612
                ],
                [
                    0.0,
                    0.0,
                    0.0,
                    1.0
                ]
            ],
            "colmap_im_id": 60,
            "pose_path": "../../house1/images/../poses/000034.txt"
        },
        {
            "file_path": "images/frame_00029.jpg",
            "transform_matrix": [
                [
                    0.9132140455951032,
                    -0.39555434535622314,
                    -0.09786146737932362,
                    0.3147410049197335
                ],
                [
                    0.21460171323495955,
                    0.6710302300417013,
                    -0.7096932682834193,
                    -4.721933883172984
                ],
                [
                    0.3463902591073323,
                    0.6271006221014225,
                    0.6976808712839733,
                    0.02318858206477153
                ],
                [
                    0.0,
                    0.0,
                    0.0,
                    1.0
                ]
            ],
            "colmap_im_id": 29,
            "pose_path": "../../house1/images/../poses/000030.txt"
        },
        {
            "file_path": "images/frame_00028.jpg",
            "transform_matrix": [
                [
                    -0.02008976127705363,
                    -0.997501163450372,
                    0.06773352498567783,
                    2.8062377787733976
                ],
                [
                    0.9997681429279007,
                    -0.019517859210411586,
                    0.009094699463949273,
                    3.362735180936741
                ],
                [
                    -0.007749959892025516,
                    0.06790053083000895,
                    0.9976619948833748,
                    1.0724558260473513
                ],
                [
                    0.0,
                    0.0,
                    0.0,
                    1.0
                ]
            ],
            "colmap_im_id": 28,
            "pose_path": "../../house1/images/../poses/000041.txt"
        },
        {
            "file_path": "images/frame_00027.jpg",
            "transform_matrix": [
                [
                    0.741791999138212,
                    0.13429688924552297,
                    -0.6570456419104461,
                    -4.826527194791916
                ],
                [
                    -0.6061931990866346,
                    0.5533206822620711,
                    -0.5712845420297559,
                    -4.295579910440018
                ],
                [
                    0.28683520599055917,
                    0.8220709021246354,
                    0.49185871597882813,
                    -1.874509054734309
                ],
                [
                    0.0,
                    0.0,
                    0.0,
                    1.0
                ]
            ],
            "colmap_im_id": 27,
            "pose_path": "../../house1/images/../poses/000060.txt"
        },
        {
            "file_path": "images/frame_00026.jpg",
            "transform_matrix": [
                [
                    0.6475838188793241,
                    -0.7192876511241348,
                    0.2515163463196689,
                    3.736506952313468
                ],
                [
                    0.720234519389032,
                    0.4700185406804825,
                    -0.510239951882484,
                    -4.256036721318554
                ],
                [
                    0.24879195044478586,
                    0.5115738913948937,
                    0.8224321972278109,
                    1.2569052194044041
                ],
                [
                    0.0,
                    0.0,
                    0.0,
                    1.0
                ]
            ],
            "colmap_im_id": 26,
            "pose_path": "../../house1/images/../poses/000057.txt"
        },
        {
            "file_path": "images/frame_00025.jpg",
            "transform_matrix": [
                [
                    0.7584013304049297,
                    -0.6360657912149397,
                    0.14229452303636023,
                    1.9133029442771199
                ],
                [
                    0.5963195836985196,
                    0.58899309539998,
                    -0.5454265190369589,
                    -3.1595346491013983
                ],
                [
                    0.2631166587992041,
                    0.49850520841538126,
                    0.8259916349728251,
                    0.6312409507208676
                ],
                [
                    0.0,
                    0.0,
                    0.0,
                    1.0
                ]
            ],
            "colmap_im_id": 25,
            "pose_path": "../../house1/images/../poses/000063.txt"
        },
        {
            "file_path": "images/frame_00024.jpg",
            "transform_matrix": [
                [
                    0.2753532944731214,
                    -0.8668590281447426,
                    0.4156151928728675,
                    4.689688695789467
                ],
                [
                    0.9547626399818959,
                    0.1960932535483812,
                    -0.2235525379135988,
                    -1.8567520810499547
                ],
                [
                    0.11228920036049443,
                    0.4583697865662206,
                    0.881639537592115,
                    1.5892525822668382
                ],
                [
                    0.0,
                    0.0,
                    0.0,
                    1.0
                ]
            ],
            "colmap_im_id": 24,
            "pose_path": "../../house1/images/../poses/000004.txt"
        },
        {
            "file_path": "images/frame_00023.jpg",
            "transform_matrix": [
                [
                    0.472254720320933,
                    -0.8090961171110269,
                    0.34976985634908103,
                    4.633533466153291
                ],
                [
                    0.8619941070497362,
                    0.3409740616846511,
                    -0.37510378386494525,
                    -3.3456953682632355
                ],
                [
                    0.18423256646457795,
                    0.478644087537004,
                    0.858462695124106,
                    1.5399050261866114
                ],
                [
                    0.0,
                    0.0,
                    0.0,
                    1.0
                ]
            ],
            "colmap_im_id": 23,
            "pose_path": "../../house1/images/../poses/000020.txt"
        },
        {
            "file_path": "images/frame_00022.jpg",
            "transform_matrix": [
                [
                    -0.13356532356123937,
                    0.7088280873391152,
                    -0.6926204205343302,
                    -3.6224567231181
                ],
                [
                    -0.9905819080554744,
                    -0.11673401416244229,
                    0.07155874070089092,
                    -1.5434674801621997
                ],
                [
                    -0.030129516676443015,
                    0.6956550240864315,
                    0.717743895611903,
                    -1.3299034006858421
                ],
                [
                    0.0,
                    0.0,
                    0.0,
                    1.0
                ]
            ],
            "colmap_im_id": 22,
            "pose_path": "../../house1/images/../poses/000042.txt"
        },
        {
            "file_path": "images/frame_00021.jpg",
            "transform_matrix": [
                [
                    0.9342155452076544,
                    -0.21947697838206462,
                    -0.281195965569643,
                    0.39830851947761237
                ],
                [
                    0.08042719421774351,
                    0.8976092564477639,
                    -0.4333925347413743,
                    1.6452352275804694
                ],
                [
                    0.3475237855494591,
                    0.3822662405962247,
                    0.856212438462443,
                    0.0913037618724885
                ],
                [
                    0.0,
                    0.0,
                    0.0,
                    1.0
                ]
            ],
            "colmap_im_id": 21,
            "pose_path": "../../house1/images/../poses/000044.txt"
        },
        {
            "file_path": "images/frame_00020.jpg",
            "transform_matrix": [
                [
                    0.007529073982952939,
                    0.7129064610185358,
                    -0.7012187182919364,
                    -2.7923378265050527
                ],
                [
                    -0.9998352983273706,
                    0.016947041148154554,
                    0.006494152365019855,
                    1.5875013239734468
                ],
                [
                    0.0165133056526111,
                    0.7010543314425419,
                    0.7129166396585748,
                    -1.0912634326590531
                ],
                [
                    0.0,
                    0.0,
                    0.0,
                    1.0
                ]
            ],
            "colmap_im_id": 20,
            "pose_path": "../../house1/images/../poses/000052.txt"
        },
        {
            "file_path": "images/frame_00019.jpg",
            "transform_matrix": [
                [
                    -0.8694015619506901,
                    -0.4929734788318622,
                    0.03343760227814977,
                    2.547035992737741
                ],
                [
                    0.38991762880199476,
                    -0.6429385845155484,
                    0.659237604578632,
                    5.1510873814878355
                ],
                [
                    -0.3034883306276044,
                    0.5861801137104143,
                    0.7511908595445737,
                    0.6998858545851999
                ],
                [
                    0.0,
                    0.0,
                    0.0,
                    1.0
                ]
            ],
            "colmap_im_id": 19,
            "pose_path": "../../house1/images/../poses/000023.txt"
        },
        {
            "file_path": "images/frame_00018.jpg",
            "transform_matrix": [
                [
                    0.007759861251450714,
                    0.6982363344145694,
                    -0.7158252620972972,
                    2.137328899151631
                ],
                [
                    -0.9999150376914451,
                    0.012915995181062475,
                    0.0017591097178202462,
                    1.816506192602177
                ],
                [
                    0.010473869956935328,
                    0.7157507934831707,
                    0.6982772369742096,
                    0.7474465753114312
                ],
                [
                    0.0,
                    0.0,
                    0.0,
                    1.0
                ]
            ],
            "colmap_im_id": 18,
            "pose_path": "../../house1/images/../poses/000049.txt"
        },
        {
            "file_path": "images/frame_00017.jpg",
            "transform_matrix": [
                [
                    -0.010728351353722439,
                    -0.9958143129921002,
                    0.09076759618554689,
                    -3.8035930268690596
                ],
                [
                    0.9999398153265084,
                    -0.010475673669643304,
                    0.0032597524377421367,
                    0.04053034348488007
                ],
                [
                    -0.002295256416896761,
                    0.09079710513688509,
                    0.9958667669406095,
                    -1.386142084156752
                ],
                [
                    0.0,
                    0.0,
                    0.0,
                    1.0
                ]
            ],
            "colmap_im_id": 17,
            "pose_path": "../../house1/images/../poses/000046.txt"
        },
        {
            "file_path": "images/frame_00016.jpg",
            "transform_matrix": [
                [
                    0.9355812508754418,
                    -0.19736556805552724,
                    -0.29280463718401556,
                    3.2649149095151553
                ],
                [
                    0.05840978579170033,
                    0.9042896085851952,
                    -0.422904954722219,
                    0.05487139066729109
                ],
                [
                    0.34824706737331124,
                    0.3785592904037008,
                    0.857564483706581,
                    1.1395567277256506
                ],
                [
                    0.0,
                    0.0,
                    0.0,
                    1.0
                ]
            ],
            "colmap_im_id": 16,
            "pose_path": "../../house1/images/../poses/000002.txt"
        },
        {
            "file_path": "images/frame_00015.jpg",
            "transform_matrix": [
                [
                    0.930989995843445,
                    -0.19510798102951288,
                    -0.3085295826626828,
                    -1.5449420988384928
                ],
                [
                    -0.09577496944409204,
                    0.6850242358219496,
                    -0.7221973079183672,
                    -4.6784602718981105
                ],
                [
                    0.35225670024487127,
                    0.7019078800491849,
                    0.6190642495391361,
                    -0.689156242184616
                ],
                [
                    0.0,
                    0.0,
                    0.0,
                    1.0
                ]
            ],
            "colmap_im_id": 15,
            "pose_path": "../../house1/images/../poses/000003.txt"
        },
        {
            "file_path": "images/frame_00014.jpg",
            "transform_matrix": [
                [
                    -0.9374856317450874,
                    -0.09479458289612334,
                    -0.33486516290152424,
                    -0.897473553119335
                ],
                [
                    -0.06573981272694947,
                    -0.8966334290678787,
                    0.4378661563772687,
                    -1.0051446165916291
                ],
                [
                    -0.3417586389458794,
                    0.4325072033290628,
                    0.8343491785663437,
                    -0.3483919775317538
                ],
                [
                    0.0,
                    0.0,
                    0.0,
                    1.0
                ]
            ],
            "colmap_im_id": 14,
            "pose_path": "../../house1/images/../poses/000015.txt"
        },
        {
            "file_path": "images/frame_00001.jpg",
            "transform_matrix": [
                [
                    -0.0015274479688146634,
                    -0.9965860758174995,
                    0.08254611068596628,
                    0.09652008710533871
                ],
                [
                    0.9999916118832746,
                    -0.001835933409427525,
                    -0.003661353794252035,
                    0.24575641139652044
                ],
                [
                    0.0038004033724198163,
                    0.08253982575213847,
                    0.9965805206299255,
                    -0.0072956665502263525
                ],
                [
                    0.0,
                    0.0,
                    0.0,
                    1.0
                ]
            ],
            "colmap_im_id": 1,
            "pose_path": "../../house1/images/../poses/000048.txt"
        },
        {
            "file_path": "images/frame_00002.jpg",
            "transform_matrix": [
                [
                    -0.007186705769012495,
                    -0.9956887137819465,
                    0.09247884356674621,
                    -2.6564514238254793
                ],
                [
                    0.9999739898179638,
                    -0.0070995777038175166,
                    0.001271095578669438,
                    0.09538174422928375
                ],
                [
                    -0.0006090547859579924,
                    0.09248557316511874,
                    0.9957138383132913,
                    -0.9907402163851275
                ],
                [
                    0.0,
                    0.0,
                    0.0,
                    1.0
                ]
            ],
            "colmap_im_id": 2,
            "pose_path": "../../house1/images/../poses/000016.txt"
        },
        {
            "file_path": "images/frame_00003.jpg",
            "transform_matrix": [
                [
                    0.9337564631712459,
                    -0.22731099890152892,
                    -0.27645718884542475,
                    0.36444508048186597
                ],
                [
                    0.08806434143937585,
                    0.8945941323651204,
                    -0.4381164344152668,
                    2.8346927664762367
                ],
                [
                    0.3469056633333834,
                    0.3847480319849431,
                    0.855351046431194,
                    0.07507164462470696
                ],
                [
                    0.0,
                    0.0,
                    0.0,
                    1.0
                ]
            ],
            "colmap_im_id": 3,
            "pose_path": "../../house1/images/../poses/000047.txt"
        },
        {
            "file_path": "images/frame_00004.jpg",
            "transform_matrix": [
                [
                    -0.8174960284574593,
                    -0.5703208824176168,
                    0.08021430380344856,
                    2.5606602270636585
                ],
                [
                    0.4947801077921384,
                    -0.6241737355741278,
                    0.6046484869348788,
                    3.9226205650503108
                ],
                [
                    -0.29477599696970047,
                    0.533986178564417,
                    0.7924429775780019,
                    0.7552519107388337
                ],
                [
                    0.0,
                    0.0,
                    0.0,
                    1.0
                ]
            ],
            "colmap_im_id": 4,
            "pose_path": "../../house1/images/../poses/000028.txt"
        },
        {
            "file_path": "images/frame_00005.jpg",
            "transform_matrix": [
                [
                    -0.9385330622440285,
                    -0.11718245409201966,
                    -0.3246905658127727,
                    -3.672135000884352
                ],
                [
                    -0.03826600204485629,
                    -0.8994992326621453,
                    0.43524343019477635,
                    0.5153915179532758
                ],
                [
                    -0.34306180807887937,
                    0.42091495921763555,
                    0.8397256652886502,
                    -1.3395110099215815
                ],
                [
                    0.0,
                    0.0,
                    0.0,
                    1.0
                ]
            ],
            "colmap_im_id": 5,
            "pose_path": "../../house1/images/../poses/000031.txt"
        },
        {
            "file_path": "images/frame_00006.jpg",
            "transform_matrix": [
                [
                    -0.0020776746289382867,
                    -0.9974198736893536,
                    0.07175847571994722,
                    2.8682072368929203
                ],
                [
                    0.9999637621590803,
                    -0.0026646714024375884,
                    -0.008085412480215909,
                    0.35409947258395863
                ],
                [
                    0.00825576385287673,
                    0.0717390764913448,
                    0.9973892656668081,
                    0.9905400007865307
                ],
                [
                    0.0,
                    0.0,
                    0.0,
                    1.0
                ]
            ],
            "colmap_im_id": 6,
            "pose_path": "../../house1/images/../poses/000019.txt"
        },
        {
            "file_path": "images/frame_00007.jpg",
            "transform_matrix": [
                [
                    -0.6694133631944776,
                    -0.701881789602295,
                    0.24340850971430314,
                    3.594864791938543
                ],
                [
                    0.7022380212716454,
                    -0.49095087266405046,
                    0.5155860763353599,
                    4.040352596313433
                ],
                [
                    -0.2423788576941948,
                    0.5160709195983503,
                    0.8215371539302228,
                    1.1299024110987306
                ],
                [
                    0.0,
                    0.0,
                    0.0,
                    1.0
                ]
            ],
            "colmap_im_id": 7,
            "pose_path": "../../house1/images/../poses/000054.txt"
        },
        {
            "file_path": "images/frame_00008.jpg",
            "transform_matrix": [
                [
                    0.9345522101792068,
                    -0.18275338841512845,
                    -0.305308639694242,
                    3.3717200824080082
                ],
                [
                    0.045209539258498285,
                    0.912059159728431,
                    -0.40755881381158027,
                    -1.7081306449036198
                ],
                [
                    0.35294229557987744,
                    0.3670821272934127,
                    0.8606291000265732,
                    1.2160270892563279
                ],
                [
                    0.0,
                    0.0,
                    0.0,
                    1.0
                ]
            ],
            "colmap_im_id": 8,
            "pose_path": "../../house1/images/../poses/000026.txt"
        },
        {
            "file_path": "images/frame_00009.jpg",
            "transform_matrix": [
                [
                    0.006037472382431838,
                    0.7151568666106253,
                    -0.6989379121688157,
                    -3.179605723122863
                ],
                [
                    -0.9998087753712648,
                    0.017317820989620123,
                    0.009083268507704072,
                    -1.4724668625705482
                ],
                [
                    0.018600043490351003,
                    0.6987494180432948,
                    0.7151246668702693,
                    -1.1518164335477743
                ],
                [
                    0.0,
                    0.0,
                    0.0,
                    1.0
                ]
            ],
            "colmap_im_id": 9,
            "pose_path": "../../house1/images/../poses/000040.txt"
        },
        {
            "file_path": "images/frame_00010.jpg",
            "transform_matrix": [
                [
                    -0.8725251984631875,
                    0.04681916967763548,
                    -0.48632061790291337,
                    -1.2018026552724776
                ],
                [
                    -0.36989833150791207,
                    -0.7135902477013834,
                    0.5949488908579804,
                    3.748436960316837
                ],
                [
                    -0.3191786371210289,
                    0.6989970842114972,
                    0.6399438052433879,
                    -0.5169472553358225
                ],
                [
                    0.0,
                    0.0,
                    0.0,
                    1.0
                ]
            ],
            "colmap_im_id": 10,
            "pose_path": "../../house1/images/../poses/000056.txt"
        },
        {
            "file_path": "images/frame_00011.jpg",
            "transform_matrix": [
                [
                    0.007947981403895245,
                    -0.9961828756294885,
                    0.08692817664121556,
                    0.5680047907935983
                ],
                [
                    0.9999640885601406,
                    0.007662161758086524,
                    -0.0036211693249858837,
                    3.212714255172115
                ],
                [
                    0.0029412891205452198,
                    0.08695383591168336,
                    0.9962079999872282,
                    0.24426480724043764
                ],
                [
                    0.0,
                    0.0,
                    0.0,
                    1.0
                ]
            ],
            "colmap_im_id": 11,
            "pose_path": "../../house1/images/../poses/000022.txt"
        },
        {
            "file_path": "images/frame_00012.jpg",
            "transform_matrix": [
                [
                    0.013172976641328304,
                    0.6973919242962154,
                    -0.7165688917423282,
                    3.2484704628256353
                ],
                [
                    -0.9998518740009105,
                    0.017125863181161778,
                    -0.001713145401656139,
                    1.8458618892431977
                ],
                [
                    0.01107712703159565,
                    0.7164853164836817,
                    0.6975142210163204,
                    1.1370385980679998
                ],
                [
                    0.0,
                    0.0,
                    0.0,
                    1.0
                ]
            ],
            "colmap_im_id": 12,
            "pose_path": "../../house1/images/../poses/000050.txt"
        },
        {
            "file_path": "images/frame_00013.jpg",
            "transform_matrix": [
                [
                    -0.9400278570999466,
                    -0.12967428153181615,
                    -0.31548725582072196,
                    -3.420801844510637
                ],
                [
                    -0.02713063176900901,
                    -0.8935624732258024,
                    0.4481183273002813,
                    -3.4340463189237562
                ],
                [
                    -0.340016994716289,
                    0.429803079504783,
                    0.8364554717092286,
                    -1.2739526364268043
                ],
                [
                    0.0,
                    0.0,
                    0.0,
                    1.0
                ]
            ],
            "colmap_im_id": 13,
            "pose_path": "../../house1/images/../poses/000043.txt"
        },
        {
            "file_path": "images/frame_00030.jpg",
            "transform_matrix": [
                [
                    0.006328249293135045,
                    0.708127618594793,
                    -0.7060561089914529,
                    -1.71366501743227
                ],
                [
                    -0.9998829666156613,
                    0.014315641085227098,
                    0.005395877332013047,
                    1.6386072971595718
                ],
                [
                    0.013928615607701655,
                    0.7059393303985729,
                    0.7081353369686244,
                    -0.6812667211849633
                ],
                [
                    0.0,
                    0.0,
                    0.0,
                    1.0
                ]
            ],
            "colmap_im_id": 30,
            "pose_path": "../../house1/images/../poses/000014.txt"
        },
        {
            "file_path": "images/frame_00031.jpg",
            "transform_matrix": [
                [
                    0.010512731937109006,
                    0.7044944193793128,
                    -0.7096316618715818,
                    -0.6207287820772861
                ],
                [
                    -0.9998419616501811,
                    0.01758054202661395,
                    0.002641262116416977,
                    1.6945269083321508
                ],
                [
                    0.014336463676083001,
                    0.7094917459741551,
                    0.7045679017694529,
                    -0.2751688089288324
                ],
                [
                    0.0,
                    0.0,
                    0.0,
                    1.0
                ]
            ],
            "colmap_im_id": 31,
            "pose_path": "../../house1/images/../poses/000021.txt"
        },
        {
            "file_path": "images/frame_00032.jpg",
            "transform_matrix": [
                [
                    0.016521718756232304,
                    0.6989781100756665,
                    -0.7149521903207158,
                    2.817094944826436
                ],
                [
                    -0.9998268641752285,
                    0.017671171592342483,
                    -0.005828496211083931,
                    -1.1182169436565164
                ],
                [
                    0.00856005156927184,
                    0.7149247032587438,
                    0.6991490500512237,
                    1.0512922091242445
                ],
                [
                    0.0,
                    0.0,
                    0.0,
                    1.0
                ]
            ],
            "colmap_im_id": 32,
            "pose_path": "../../house1/images/../poses/000013.txt"
        },
        {
            "file_path": "images/frame_00033.jpg",
            "transform_matrix": [
                [
                    -0.10994754039658096,
                    -0.991639737383287,
                    0.06754383467902698,
                    3.290704354504883
                ],
                [
                    0.9935303717445958,
                    -0.10770387985505354,
                    0.03601769961023612,
                    -2.6408970219439705
                ],
                [
                    -0.02844184912742514,
                    0.07106690866059755,
                    0.9970659736003625,
                    1.1881271929781052
                ],
                [
                    0.0,
                    0.0,
                    0.0,
                    1.0
                ]
            ],
            "colmap_im_id": 33,
            "pose_path": "../../house1/images/../poses/000036.txt"
        },
        {
            "file_path": "images/frame_00034.jpg",
            "transform_matrix": [
                [
                    0.005772183314188131,
                    0.7108284783352109,
                    -0.7033417066315888,
                    -2.084698801659256
                ],
                [
                    -0.9998521243337173,
                    0.0154964558784456,
                    0.007455824606283996,
                    -1.3495348187522436
                ],
                [
                    0.016199116183906122,
                    0.7031946631217105,
                    0.7108128124844151,
                    -0.7412128677682683
                ],
                [
                    0.0,
                    0.0,
                    0.0,
                    1.0
                ]
            ],
            "colmap_im_id": 34,
            "pose_path": "../../house1/images/../poses/000061.txt"
        },
        {
            "file_path": "images/frame_00035.jpg",
            "transform_matrix": [
                [
                    0.010921742857867432,
                    0.6977527270480183,
                    -0.7162554344854913,
                    2.6936439598770376
                ],
                [
                    -0.9998788658388029,
                    0.015564271138940832,
                    -8.433755206366082e-05,
                    1.825466153044747
                ],
                [
                    0.011089147030127085,
                    0.7161695925972891,
                    0.6978381943238541,
                    0.9543388707591723
                ],
                [
                    0.0,
                    0.0,
                    0.0,
                    1.0
                ]
            ],
            "colmap_im_id": 35,
            "pose_path": "../../house1/images/../poses/000059.txt"
        },
        {
            "file_path": "images/frame_00036.jpg",
            "transform_matrix": [
                [
                    -0.05837671529795859,
                    -0.8921800315219689,
                    0.4478916726893676,
                    4.807194074958748
                ],
                [
                    0.9982518017611279,
                    -0.0480136421279627,
                    0.0344678176023605,
                    0.3595830245386521
                ],
                [
                    -0.009246588110365559,
                    0.44912078723108156,
                    0.8934232026790275,
                    1.6428844146088983
                ],
                [
                    0.0,
                    0.0,
                    0.0,
                    1.0
                ]
            ],
            "colmap_im_id": 36,
            "pose_path": "../../house1/images/../poses/000024.txt"
        },
        {
            "file_path": "images/frame_00037.jpg",
            "transform_matrix": [
                [
                    -0.9370283565040256,
                    -0.08802178651778296,
                    -0.33797932511557865,
                    -0.9396838383844461
                ],
                [
                    -0.07092356034576408,
                    -0.8995991680890992,
                    0.43091900092857516,
                    0.18605064159258258
                ],
                [
                    -0.341976180011481,
                    0.42775402028691495,
                    0.8367071114990816,
